#
#
#  Percent Identity  Matrix - created by Clustal2.1 
#
#
		    Rabbit   Pig     Rat     Mouse   Sheep   Cattle  Goat    Dog     Humans  Monkey	 	
     1: Rabbit      100.00   75.64   72.68   72.90   72.20   72.82   73.00   74.27   75.39   75.65
     2: Pig          75.64  100.00   81.10   80.41   82.16   83.59   83.59   83.42   84.02   83.85
     3: Rat          72.68   81.10  100.00   95.86   82.65   81.67   81.34   83.09   84.00   84.11
     4: Mouse        72.90   80.41   95.86  100.00   83.26   81.51   81.34   83.12   84.80   84.59
     5: Sheep        72.20   82.16   82.65   83.26  100.00   93.49   94.58   83.22   84.82   85.84
     6: Cattle       72.82   83.59   81.67   81.51   93.49  100.00   97.23   83.94   85.64   85.76
     7: Goat         73.00   83.59   81.34   81.34   94.58   97.23  100.00   83.44   85.48   85.60
     8: Dog          74.27   83.42   83.09   83.12   83.22   83.94   83.44  100.00   85.88   85.99
     9: Humans       75.39   84.02   84.00   84.80   84.82   85.64   85.48   85.88  100.00   96.48
    10: Monkey       75.65   83.85   84.11   84.59   85.84   85.76   85.60   85.99   96.48  100.00
