#
#
#  Percent Identity  Matrix - created by Clustal2.1 
#
#
                    Dog      Rat     Mouse   Rabbit  Humans  Monkey  Pig     Sheep   Cattle  Goat  
     1: Dog         100.00   91.19   91.42   92.98   93.10   93.51   93.93   93.07   93.71   93.92
     2: Rat          91.19  100.00   97.60   92.48   93.60   93.80   93.80   92.52   93.79   93.79
     3: Mouse        91.42   97.60  100.00   92.29   94.21   94.21   94.01   93.18   93.80   94.00
     4: Rabbit       92.98   92.48   92.29  100.00   94.53   94.13   94.33   93.74   94.93   95.13
     5: Humans       93.10   93.60   94.21   94.53  100.00   99.20   96.41   94.04   96.01   96.21
     6: Monkey       93.51   93.80   94.21   94.13   99.20  100.00   96.41   94.26   95.81   96.01
     7: Pig          93.93   93.80   94.01   94.33   96.41   96.41  100.00   95.53   97.41   97.21
     8: Sheep        93.07   92.52   93.18   93.74   94.04   94.26   95.53  100.00   97.23   97.66
     9: Cattle       93.71   93.79   93.80   94.93   96.01   95.81   97.41   97.23  100.00   99.40
    10: Goat         93.92   93.79   94.00   95.13   96.21   96.01   97.21   97.66   99.40  100.00
